1 2 7 0 1 4 3030303030303030303030303030303030303030303030303030303030303030
10 2 0 0 1 4 3030303030303030303030303030303030303030303030303030303030303030
2 2 0 0 1 5 3030303030303030303030303030303030303030303030303030303030303030
5 2 0 0 1 4 3030303030303030303030303030303030303030303030303030303030303030
4 2 7 0 1 4 3030303030303030303030303030303030303030303030303030303030303030
1 3 3 5 1 4 3030303030303030303030303030303030303030303030303030303030303030
7 2 3 5 1 4 3030303030303030303030303030303030303030303030303030303030303030
8 2 3 7 1 2 3030303030303030303030303030303030303030303030303030303030303030
1 1 2 7 3 4 3030303030303030303030303030303030303030303030303030303030303030
6 1 2 2 3 4 3030303030303030303030303030303030303030303030303030303030303030
